0 0.10469 0.46298 0.16989 0.12609
0 0.97530 0.51111 0.04912 0.14181
0 0.02630 0.50935 0.05234 0.11926
0 0.26681 0.43043 0.04393 0.04474
0 0.21038 0.43966 0.07772 0.08114
0 0.29104 0.42526 0.01773 0.03317
0 0.79384 0.43427 0.08267 0.06270
0 0.86207 0.42549 0.04770 0.05254
0 0.30388 0.42011 0.02206 0.02991
1 0.53247 0.48772 0.09882 0.12955
1 0.47447 0.45472 0.06437 0.09314
1 0.40281 0.44073 0.03509 0.06010
1 0.43490 0.44831 0.04185 0.07915
2 0.36214 0.45022 0.02985 0.10276
3 0.45071 0.11114 0.08584 0.14271
