0 0.35864 0.63877 0.19690 0.16089
0 0.55096 0.55672 0.02625 0.03309
0 0.44965 0.58912 0.06552 0.08992
0 0.49793 0.55914 0.02323 0.04266
0 0.47934 0.57056 0.03276 0.06190
0 0.47703 0.57000 0.03666 0.06314
1 0.63978 0.58198 0.01710 0.07272
2 0.13384 0.35838 0.10731 0.02867
2 0.23897 0.38220 0.07685 0.08031
2 0.23886 0.30433 0.07992 0.08509
2 0.28128 0.51013 0.04421 0.04396
2 0.23815 0.45187 0.07403 0.07092
2 0.18576 0.54420 0.05250 0.06598
2 0.18445 0.47572 0.05405 0.06930
2 0.17871 0.40674 0.04487 0.07183
