0 0.80043 0.60364 0.17420 0.12229
0 0.06905 0.67119 0.13773 0.18942
0 0.15515 0.64340 0.15404 0.13832
0 0.28366 0.59504 0.13311 0.08575
0 0.37326 0.58522 0.07311 0.06139
0 0.45922 0.55784 0.03356 0.02479
0 0.57157 0.55002 0.01931 0.02122
0 0.70215 0.90679 0.59517 0.18504
0 0.51277 0.55072 0.01444 0.01580
0 0.55201 0.54600 0.00887 0.01731
0 0.39032 0.57301 0.06050 0.04798
0 0.46692 0.55639 0.02278 0.02351
1 0.20605 0.56186 0.01824 0.04075
1 0.55731 0.56695 0.01256 0.05694
1 0.18929 0.55929 0.01576 0.03540
1 0.22758 0.56281 0.01676 0.03125
