0 0.82321 0.80939 0.35347 0.37991
0 0.49478 0.60804 0.06360 0.09311
0 0.46564 0.56138 0.02941 0.03208
0 0.96282 0.57036 0.07370 0.08762
0 0.90733 0.56722 0.05054 0.06011
0 0.50616 0.56258 0.03874 0.04415
0 0.78527 0.55101 0.03402 0.03667
0 0.84065 0.55895 0.03754 0.04900
0 0.54718 0.55741 0.01848 0.02297
0 0.87522 0.56132 0.06236 0.05976
0 0.81492 0.55587 0.03753 0.04475
0 0.47288 0.55382 0.01659 0.01859
0 0.32229 0.90415 0.64415 0.19085
2 0.28761 0.56857 0.01870 0.07021
2 0.22860 0.56700 0.01657 0.05639
