0 0.16287 0.72555 0.32509 0.29286
0 0.77706 0.65095 0.29006 0.17291
0 0.45308 0.58259 0.05730 0.05619
0 0.04818 0.91975 0.09603 0.15933
0 0.69712 0.57326 0.06487 0.05031
0 0.70244 0.90579 0.59451 0.18717
0 0.66287 0.56948 0.03699 0.04455
0 0.51720 0.55705 0.02323 0.02723
0 0.64715 0.55898 0.03303 0.03902
0 0.58116 0.54790 0.01499 0.02011
0 0.62352 0.55367 0.02413 0.02638
0 0.83452 0.59495 0.17522 0.12691
0 0.60968 0.55069 0.01673 0.02371
0 0.52768 0.55203 0.01563 0.02301
0 0.78292 0.55045 0.07008 0.03518
2 0.37202 0.49618 0.01537 0.01814
