0 0.88475 0.83302 0.23046 0.33291
0 0.28794 0.63092 0.08317 0.10108
0 0.46573 0.59892 0.04331 0.04980
0 0.65108 0.63291 0.08290 0.09930
0 0.54019 0.61001 0.04672 0.06542
0 0.34062 0.61561 0.05740 0.08181
0 0.77963 0.70032 0.20036 0.22487
0 0.61683 0.61718 0.04246 0.07653
0 0.44567 0.58162 0.01974 0.04207
0 0.42016 0.58424 0.01859 0.05980
0 0.59857 0.60919 0.02619 0.06436
0 0.58709 0.59438 0.03434 0.05432
0 0.51572 0.57347 0.01428 0.01970
0 0.15019 0.65479 0.19982 0.18534
1 0.10936 0.73946 0.10456 0.16785
2 0.11274 0.68556 0.08506 0.22724
3 0.03403 0.43346 0.02919 0.02629
