0 0.57719 0.46086 0.11864 0.14083
0 0.35255 0.40996 0.03761 0.04667
0 0.43173 0.39851 0.03108 0.03786
0 0.52362 0.41547 0.03381 0.04764
0 0.74059 0.44730 0.04030 0.05231
0 0.45220 0.39445 0.01637 0.02327
0 0.38700 0.40037 0.02818 0.03850
0 0.40373 0.39654 0.01999 0.03321
0 0.46210 0.39020 0.00873 0.01758
0 0.47381 0.38641 0.01241 0.01325
1 0.62202 0.53408 0.03736 0.17491
2 0.66661 0.51949 0.07031 0.26739
3 0.82053 0.26021 0.04596 0.05892
3 0.81426 0.31450 0.04149 0.05023
3 0.82961 0.19410 0.05259 0.07852
3 0.70983 0.31808 0.03900 0.04326
3 0.71078 0.27238 0.03870 0.05204
