0 0.37311 0.59238 0.07166 0.06040
0 0.95532 0.64736 0.08902 0.15657
0 0.44157 0.57138 0.03386 0.03096
0 0.74195 0.59231 0.09018 0.07467
0 0.64015 0.56879 0.03580 0.04503
0 0.71766 0.57921 0.08735 0.07173
0 0.55099 0.55357 0.01333 0.01785
0 0.90589 0.61294 0.18796 0.15789
0 0.46258 0.56618 0.01712 0.02459
0 0.62759 0.56650 0.03600 0.04053
0 0.47222 0.56222 0.01233 0.02154
0 0.68497 0.57483 0.06529 0.06345
1 0.18821 0.62964 0.02383 0.05930
1 0.49715 0.57100 0.01025 0.02788
2 0.49710 0.56549 0.01410 0.03960
3 0.92381 0.44496 0.03854 0.03917
