0 0.47238 0.69725 0.17062 0.23171
0 0.95018 0.57508 0.09934 0.07632
0 0.50950 0.56113 0.02311 0.02378
0 0.24561 0.57143 0.04516 0.03015
0 0.52563 0.55847 0.01544 0.01890
0 0.20138 0.57106 0.04295 0.02774
0 0.55141 0.55171 0.01266 0.01286
0 0.32144 0.90441 0.64241 0.19051
1 0.14859 0.59592 0.01946 0.07313
1 0.45059 0.55523 0.00706 0.02771
1 0.58887 0.56067 0.00712 0.03584
1 0.46217 0.55673 0.00682 0.02578
1 0.33345 0.56468 0.00850 0.03346
1 0.29721 0.56900 0.00868 0.03425
1 0.47126 0.55694 0.00497 0.02109
