0 0.36191 0.60430 0.11404 0.09071
0 0.59727 0.56816 0.03005 0.03722
0 0.43368 0.58379 0.05097 0.06439
0 0.52715 0.56646 0.02749 0.03339
0 0.50689 0.55858 0.02360 0.02335
0 0.58597 0.55828 0.01539 0.02942
0 0.54668 0.55447 0.01456 0.01862
0 0.55831 0.55076 0.00898 0.01241
0 0.53494 0.55849 0.01864 0.02150
1 0.02736 0.60979 0.05445 0.14660
1 0.69440 0.58334 0.01897 0.06203
1 0.64692 0.56798 0.00995 0.04242
1 0.67836 0.57919 0.01436 0.05342
1 0.65662 0.56586 0.00977 0.04313
1 0.67428 0.57777 0.00864 0.04868
