0 0.19122 0.67157 0.24071 0.18611
0 0.35252 0.59987 0.09878 0.10787
0 0.66519 0.56817 0.09940 0.05677
0 0.49694 0.55506 0.02044 0.02695
0 0.54821 0.55242 0.01887 0.02454
0 0.57769 0.56117 0.04294 0.04261
0 0.45450 0.54934 0.01845 0.02622
0 0.43119 0.55471 0.01558 0.02220
1 0.06485 0.63440 0.04831 0.15085
1 0.83619 0.55923 0.02888 0.12271
1 0.29744 0.57806 0.01753 0.05813
1 0.61415 0.54746 0.01036 0.04414
1 0.28096 0.56182 0.01397 0.03828
1 0.31248 0.56750 0.01273 0.04587
1 0.52954 0.55053 0.00594 0.03158
2 0.80167 0.38750 0.03428 0.02892
2 0.80070 0.33620 0.04704 0.05714
