0 0.17974 0.71251 0.34026 0.27915
0 0.73777 0.61212 0.11362 0.09551
0 0.37393 0.61002 0.09955 0.11169
0 0.59641 0.56276 0.02473 0.02729
0 0.66902 0.58633 0.06052 0.05288
0 0.48864 0.55714 0.01503 0.02912
0 0.50225 0.55440 0.01480 0.02031
0 0.46148 0.56470 0.02281 0.03970
0 0.57392 0.55587 0.02201 0.01996
0 0.43274 0.58299 0.04682 0.06726
1 0.66488 0.59821 0.03193 0.11194
1 0.47454 0.58034 0.02529 0.08284
1 0.81125 0.58760 0.01851 0.07516
1 0.63297 0.55867 0.00923 0.03213
2 0.88208 0.46353 0.03832 0.03401
2 0.77330 0.48659 0.02415 0.01958
