0 0.95000 0.57729 0.09963 0.07860
0 0.50974 0.56186 0.02350 0.02489
0 0.47227 0.70018 0.17014 0.23564
0 0.52605 0.55949 0.01492 0.02082
0 0.24473 0.57174 0.04218 0.03297
0 0.20156 0.57179 0.04506 0.02829
0 0.53853 0.55639 0.01335 0.01754
0 0.58423 0.55647 0.01878 0.02249
0 0.14221 0.57279 0.03866 0.02582
0 0.55903 0.55046 0.01101 0.01554
0 0.32115 0.90398 0.64142 0.19153
1 0.37110 0.56301 0.00762 0.03157
1 0.44992 0.55722 0.00697 0.02802
1 0.47324 0.55730 0.00613 0.02328
1 0.46278 0.55910 0.00665 0.02369
1 0.25764 0.57052 0.01054 0.03566
1 0.00804 0.58024 0.01597 0.04473
