0 0.88934 0.78880 0.22091 0.42071
0 0.30316 0.61870 0.08981 0.10117
0 0.52582 0.61469 0.04734 0.06581
0 0.47155 0.59104 0.02757 0.03409
0 0.73214 0.71273 0.18702 0.20328
0 0.65263 0.66411 0.07983 0.12023
0 0.35689 0.61452 0.04256 0.06755
0 0.38714 0.60422 0.02744 0.05730
0 0.59145 0.61417 0.04179 0.06503
0 0.44456 0.57976 0.01553 0.03029
0 0.63270 0.63159 0.07448 0.10067
0 0.57199 0.60533 0.02601 0.05485
0 0.43718 0.58640 0.02523 0.04180
1 0.36810 0.62892 0.02154 0.06556
2 0.13598 0.62729 0.03673 0.12457
3 0.92174 0.51551 0.03305 0.04250
