0 0.34402 0.58190 0.13090 0.06902
0 0.57564 0.72948 0.29605 0.29791
0 0.66679 0.57497 0.07877 0.04407
0 0.92742 0.58490 0.08842 0.04224
0 0.58615 0.55860 0.01822 0.01990
0 0.24827 0.55280 0.05016 0.04858
0 0.53350 0.55207 0.01644 0.01851
0 0.21920 0.55081 0.02148 0.04617
0 0.50002 0.55029 0.02098 0.01495
0 0.16213 0.56378 0.03643 0.06560
0 0.53735 0.57630 0.07658 0.04011
1 0.93121 0.62095 0.05388 0.08697
2 0.13414 0.59869 0.03885 0.13351
2 0.59223 0.65024 0.06163 0.07655
3 0.97690 0.44022 0.03191 0.03824
