0 0.95012 0.57678 0.09940 0.07728
0 0.47218 0.69889 0.17019 0.23338
0 0.51004 0.56182 0.02262 0.02479
0 0.52644 0.55986 0.01521 0.02031
0 0.58468 0.55620 0.02004 0.02356
0 0.53912 0.55694 0.01399 0.01686
0 0.13575 0.57283 0.05001 0.02611
0 0.20196 0.57143 0.04369 0.02929
0 0.24622 0.57200 0.04473 0.03277
0 0.55807 0.55050 0.01218 0.01556
0 0.09870 0.57114 0.04097 0.02467
0 0.06121 0.56865 0.03952 0.02653
0 0.32090 0.90415 0.64139 0.19109
1 0.36337 0.56443 0.00728 0.03248
1 0.25022 0.57029 0.00893 0.03662
1 0.00712 0.57830 0.01410 0.04541
