0 0.26099 0.71233 0.31450 0.32355
0 0.11463 0.58760 0.05819 0.04697
0 0.64080 0.56983 0.05204 0.05309
0 0.55907 0.56256 0.02600 0.03515
0 0.44271 0.57146 0.04549 0.03945
0 0.59406 0.56052 0.01981 0.03145
0 0.61542 0.56197 0.03143 0.04492
0 0.46555 0.56470 0.02158 0.03216
0 0.47894 0.56146 0.01580 0.02709
0 0.50192 0.55227 0.01813 0.02016
0 0.70244 0.90647 0.59458 0.18606
1 0.16380 0.60678 0.03579 0.09171
1 0.07826 0.60262 0.04741 0.12632
1 0.78682 0.56966 0.02421 0.07117
1 0.75522 0.56681 0.02252 0.07808
2 0.95053 0.36426 0.05727 0.02514
2 0.94293 0.32921 0.10296 0.04784
2 0.94031 0.38879 0.05879 0.02592
