0 0.27113 0.64021 0.11798 0.09601
0 0.54491 0.62414 0.05262 0.07276
0 0.33611 0.62627 0.05710 0.08022
0 0.43102 0.59826 0.03452 0.04639
0 0.73016 0.66032 0.11965 0.13541
0 0.62687 0.62805 0.04357 0.07532
0 0.36899 0.61626 0.04476 0.06624
0 0.58870 0.61015 0.02559 0.05614
0 0.50877 0.58370 0.01586 0.01900
0 0.67499 0.63572 0.08149 0.11100
0 0.45494 0.59556 0.01898 0.03373
0 0.61873 0.61340 0.04781 0.07633
0 0.65250 0.62967 0.03746 0.10007
2 0.97922 0.66366 0.03946 0.18195
3 0.86239 0.52440 0.02546 0.06114
