0 0.83247 0.76132 0.33481 0.35147
0 0.17621 0.64394 0.20867 0.14779
0 0.57934 0.59264 0.04899 0.06705
0 0.63663 0.61641 0.11029 0.11130
0 0.44001 0.55624 0.01432 0.02320
0 0.54617 0.57006 0.03265 0.04309
0 0.52836 0.56584 0.01617 0.03728
0 0.03094 0.71753 0.06159 0.17800
0 0.43017 0.56135 0.01473 0.02550
0 0.32151 0.89562 0.64251 0.20727
0 0.40417 0.56460 0.03674 0.04608
1 0.08457 0.64664 0.07820 0.20483
1 0.40712 0.57973 0.01675 0.06276
1 0.21158 0.56034 0.01850 0.02462
1 0.27307 0.57999 0.01481 0.05904
2 0.29915 0.49118 0.01667 0.02535
