0 0.34059 0.58746 0.06215 0.07460
0 0.27460 0.55248 0.01826 0.01908
0 0.94959 0.55000 0.09683 0.09271
0 0.86553 0.55246 0.07678 0.06210
0 0.70212 0.90726 0.59529 0.18457
0 0.28899 0.55024 0.01334 0.01459
1 0.75297 0.57516 0.02741 0.09641
1 0.57231 0.56010 0.01883 0.09037
1 0.50219 0.56239 0.01429 0.06081
1 0.20215 0.56815 0.01455 0.04813
1 0.37286 0.55599 0.01027 0.04126
1 0.48823 0.55224 0.01330 0.05376
1 0.65320 0.56574 0.01765 0.08092
1 0.71940 0.57789 0.02763 0.07067
2 0.69106 0.41895 0.02292 0.04712
