0 0.08907 0.72922 0.17762 0.24601
0 0.71457 0.66691 0.12811 0.14917
0 0.88727 0.81950 0.22492 0.35950
0 0.30053 0.63175 0.09837 0.11400
0 0.44270 0.58869 0.02694 0.03557
0 0.56978 0.60677 0.04280 0.05371
0 0.51327 0.59112 0.02677 0.03223
0 0.54215 0.60150 0.03172 0.04357
0 0.37938 0.57837 0.01413 0.02325
0 0.54377 0.60183 0.02882 0.04279
0 0.28239 0.59931 0.05763 0.06592
0 0.53251 0.59737 0.01701 0.03848
0 0.33929 0.59109 0.03143 0.04043
0 0.42692 0.58143 0.01591 0.02052
2 0.63891 0.59837 0.01600 0.06254
