0 0.74128 0.61559 0.17037 0.14000
0 0.34188 0.59804 0.11266 0.10732
0 0.88270 0.74515 0.23464 0.26606
0 0.41937 0.57802 0.04621 0.05312
0 0.62068 0.57208 0.05123 0.05468
0 0.51075 0.55645 0.02246 0.02632
0 0.55166 0.55722 0.02298 0.03024
0 0.44906 0.56748 0.02886 0.04120
0 0.70177 0.90617 0.59577 0.18636
0 0.57481 0.55027 0.01646 0.02724
0 0.59931 0.56207 0.02420 0.03964
0 0.58399 0.55848 0.01543 0.03344
1 0.25512 0.67778 0.08061 0.12366
2 0.14576 0.61821 0.05203 0.14436
2 0.26216 0.62775 0.06217 0.14338
3 0.27442 0.48166 0.01640 0.01445
3 0.27487 0.42558 0.01902 0.03044
