0 0.95015 0.57674 0.09935 0.07679
0 0.50964 0.56228 0.02368 0.02404
0 0.47223 0.70152 0.17017 0.23782
0 0.52612 0.55983 0.01512 0.01972
0 0.24616 0.57274 0.04431 0.02962
0 0.53906 0.55634 0.01433 0.01809
0 0.09154 0.57046 0.02521 0.02517
0 0.20183 0.57177 0.04359 0.02800
0 0.32101 0.90329 0.64165 0.19265
1 0.36610 0.56292 0.00655 0.03141
1 0.42087 0.56037 0.00719 0.02639
1 0.46334 0.55880 0.00555 0.02349
1 0.37237 0.56328 0.00669 0.02910
1 0.42507 0.55982 0.00575 0.02430
1 0.47092 0.55803 0.00489 0.02061
1 0.01013 0.58988 0.01827 0.05546
