0 0.31380 0.59383 0.07021 0.07422
0 0.83447 0.57072 0.04975 0.06175
0 0.20384 0.55711 0.02162 0.01873
0 0.70219 0.90634 0.59521 0.18599
0 0.92203 0.63568 0.15532 0.16830
0 0.21843 0.55399 0.01299 0.01565
0 0.27213 0.55184 0.01308 0.01628
0 0.94921 0.57003 0.09900 0.07773
0 0.77639 0.56273 0.06319 0.06048
1 0.15673 0.57237 0.01719 0.04123
1 0.63841 0.57992 0.02075 0.07286
1 0.44310 0.56740 0.01238 0.05445
1 0.50313 0.56356 0.01800 0.07655
1 0.43185 0.55938 0.01079 0.04818
1 0.61525 0.57769 0.02045 0.05147
1 0.42104 0.55888 0.00824 0.03869
