0 0.18756 0.75701 0.29542 0.33857
0 0.51958 0.63880 0.07529 0.11488
0 0.04437 0.89904 0.08844 0.20073
0 0.67528 0.66713 0.11414 0.13045
0 0.60119 0.63526 0.03667 0.08156
0 0.46213 0.61400 0.02981 0.06054
0 0.42484 0.63222 0.05369 0.08374
0 0.63849 0.64382 0.07161 0.10742
0 0.40656 0.65903 0.05887 0.13047
0 0.44054 0.62481 0.04748 0.08243
0 0.56304 0.61068 0.01967 0.03933
0 0.32860 0.66988 0.12807 0.22384
2 0.03947 0.65602 0.07650 0.33049
2 0.14111 0.56644 0.03295 0.05750
3 0.68462 0.42506 0.04724 0.05162
