0 0.92082 0.65155 0.15793 0.15788
0 0.48079 0.57354 0.03006 0.03959
0 0.52482 0.57024 0.03219 0.03362
0 0.60175 0.57452 0.03505 0.04370
0 0.46166 0.56300 0.01774 0.02604
0 0.44902 0.55734 0.01103 0.01603
0 0.62770 0.57569 0.05476 0.04967
0 0.56967 0.56471 0.02853 0.02931
0 0.50490 0.55324 0.01149 0.01491
0 0.58950 0.56777 0.02817 0.03466
0 0.55575 0.56284 0.01385 0.02604
1 0.65680 0.62754 0.03852 0.09543
2 0.65690 0.59941 0.03460 0.12076
3 0.94500 0.38455 0.03448 0.03018
3 0.94313 0.42144 0.02117 0.01817
