0 0.39274 0.59607 0.07376 0.06308
0 0.92367 0.62549 0.15255 0.15899
0 0.84682 0.60683 0.15392 0.11978
0 0.77658 0.59171 0.10836 0.08338
0 0.43875 0.58100 0.03525 0.04556
0 0.57582 0.55650 0.01856 0.02390
0 0.06926 0.73556 0.13812 0.20066
0 0.46169 0.57288 0.02361 0.03475
0 0.50690 0.55910 0.02167 0.01876
0 0.55904 0.55164 0.00987 0.01401
0 0.52470 0.55594 0.01511 0.01725
1 0.51342 0.57147 0.00955 0.03006
1 0.31337 0.60538 0.04591 0.05890
1 0.05312 0.62756 0.07735 0.06460
2 0.06128 0.60625 0.05268 0.10452
2 0.51321 0.56671 0.01180 0.03918
3 0.85386 0.46043 0.01567 0.02276
