0 0.51031 0.57890 0.04304 0.06562
0 0.59699 0.57127 0.03215 0.03498
0 0.25506 0.55676 0.06542 0.03567
0 0.04499 0.58934 0.08920 0.09166
0 0.11471 0.56093 0.08715 0.06019
0 0.14395 0.56458 0.07109 0.05738
0 0.32233 0.55614 0.01980 0.03203
1 0.88725 0.60696 0.02801 0.10599
1 0.32795 0.57796 0.01713 0.05309
1 0.98615 0.60527 0.02520 0.10696
1 0.43141 0.57258 0.01152 0.04672
1 0.95597 0.60215 0.02801 0.08974
1 0.62053 0.55522 0.00547 0.02460
2 0.87636 0.48818 0.01915 0.02374
2 0.87625 0.51148 0.02056 0.02536
