0 0.84597 0.77665 0.30825 0.44449
0 0.37232 0.58499 0.05808 0.05665
0 0.67616 0.62968 0.16034 0.16011
0 0.55722 0.56907 0.02913 0.04099
0 0.42516 0.56523 0.03296 0.03802
0 0.58415 0.58992 0.05779 0.06954
0 0.47710 0.55191 0.01350 0.01558
0 0.14635 0.64189 0.29184 0.21407
0 0.40614 0.56084 0.01961 0.03057
0 0.32160 0.90363 0.64283 0.19151
0 0.46506 0.54913 0.00860 0.01247
0 0.51270 0.55457 0.01235 0.01834
0 0.52368 0.55671 0.01389 0.01884
0 0.50159 0.55157 0.01192 0.01429
1 0.33665 0.59004 0.02365 0.09929
