0 0.73849 0.66854 0.19705 0.16260
0 0.24267 0.69152 0.28914 0.24113
0 0.90820 0.68912 0.18329 0.18783
0 0.52612 0.56763 0.02512 0.03300
0 0.43422 0.58725 0.05981 0.07021
0 0.73345 0.58753 0.11711 0.06665
0 0.46871 0.57788 0.02345 0.04621
0 0.60831 0.56831 0.02435 0.02962
0 0.47988 0.56927 0.02373 0.03834
0 0.56419 0.55549 0.01525 0.01531
1 0.62847 0.57829 0.01591 0.07245
1 0.78934 0.58549 0.01703 0.07165
1 0.27644 0.54020 0.03571 0.07145
1 0.65875 0.56350 0.00787 0.04093
1 0.26560 0.54715 0.05753 0.08595
1 0.89581 0.57547 0.02721 0.05422
