0 0.60802 0.68868 0.16989 0.22670
0 0.70243 0.90570 0.59469 0.18777
0 0.61394 0.54911 0.01628 0.02126
0 0.53866 0.55525 0.02295 0.02379
0 0.28870 0.57014 0.04119 0.02842
0 0.15729 0.57077 0.03290 0.02516
0 0.57758 0.54424 0.01278 0.01389
0 0.19319 0.57140 0.03743 0.02398
0 0.25702 0.57016 0.02476 0.02636
0 0.55451 0.55175 0.01512 0.02059
0 0.12510 0.57014 0.03496 0.02587
1 0.23152 0.59529 0.01703 0.07149
1 0.62739 0.55211 0.00975 0.04473
1 0.65129 0.55094 0.00693 0.03501
1 0.37043 0.56212 0.00920 0.03261
