0 0.73966 0.63986 0.10224 0.10620
0 0.05324 0.69286 0.10591 0.16314
0 0.95018 0.78404 0.09928 0.26377
0 0.54629 0.58724 0.02714 0.03554
0 0.08204 0.66683 0.16310 0.14128
0 0.21385 0.63260 0.12771 0.10322
0 0.13714 0.65269 0.13321 0.12131
0 0.41713 0.59918 0.05204 0.04624
0 0.32553 0.61098 0.09718 0.07306
0 0.36717 0.60471 0.05802 0.05835
0 0.43192 0.59511 0.03417 0.04120
0 0.56367 0.58168 0.01626 0.02070
0 0.26234 0.62333 0.08221 0.08633
0 0.28354 0.62024 0.08488 0.08020
2 0.66058 0.60335 0.01814 0.07415
