0 0.59921 0.66545 0.14312 0.19393
0 0.29603 0.56886 0.04330 0.02904
0 0.54073 0.55437 0.02254 0.02383
0 0.70318 0.90541 0.59326 0.18810
0 0.55652 0.55107 0.01476 0.02018
0 0.14077 0.56830 0.03583 0.02539
0 0.20152 0.57038 0.03753 0.02364
0 0.61523 0.54929 0.01634 0.01961
0 0.16693 0.56979 0.03282 0.02367
1 0.26397 0.59603 0.01663 0.06584
1 0.63337 0.55010 0.00953 0.04765
1 0.65357 0.54985 0.00726 0.03090
1 0.52181 0.54343 0.00549 0.02486
1 0.35354 0.56542 0.00735 0.03266
1 0.38297 0.55992 0.00656 0.03042
1 0.00777 0.61681 0.01538 0.06774
