0 0.22023 0.40850 0.09920 0.08063
0 0.41274 0.40005 0.04446 0.06212
0 0.14456 0.41762 0.11338 0.08074
0 0.17026 0.41707 0.06319 0.08026
0 0.47322 0.39909 0.04872 0.05901
0 0.93433 0.39876 0.09813 0.08210
0 0.95503 0.39893 0.05681 0.08171
0 0.81231 0.40255 0.04222 0.07065
0 0.67685 0.40091 0.09251 0.06536
0 0.46348 0.39955 0.06799 0.06081
1 0.31445 0.47625 0.06517 0.22232
1 0.53051 0.43358 0.04175 0.20020
1 0.13821 0.46258 0.06739 0.19777
1 0.73067 0.44344 0.03579 0.15726
1 0.87125 0.43562 0.04656 0.15896
1 0.91622 0.43853 0.04282 0.15151
1 0.06605 0.46801 0.05354 0.13976
1 0.76041 0.44701 0.03956 0.12122
1 0.79258 0.45117 0.05276 0.11017
1 0.04734 0.46853 0.04872 0.15283
2 0.38686 0.36687 0.04538 0.08227
