0 0.80367 0.71545 0.31163 0.26174
0 0.59239 0.58390 0.06661 0.07754
0 0.44179 0.55495 0.01968 0.02684
0 0.36996 0.57119 0.07033 0.07089
0 0.53191 0.55824 0.01492 0.02866
0 0.54007 0.56550 0.02088 0.03523
0 0.41975 0.56327 0.02789 0.03325
0 0.55881 0.57268 0.03008 0.05636
0 0.48084 0.54877 0.01395 0.01631
0 0.32159 0.90397 0.64223 0.19072
1 0.10631 0.67461 0.10664 0.24087
1 0.30576 0.58261 0.01471 0.06546
1 0.41366 0.56437 0.00906 0.04610
2 0.83866 0.45665 0.02314 0.03488
2 0.98473 0.43538 0.02961 0.03651
