0 0.84264 0.67630 0.16014 0.14093
0 0.49746 0.64246 0.07025 0.10270
0 0.95713 0.74513 0.08531 0.20687
0 0.03912 0.83035 0.07787 0.33761
0 0.70047 0.63120 0.06105 0.08632
0 0.55337 0.59777 0.02668 0.03452
0 0.63751 0.61075 0.03974 0.05425
0 0.75104 0.64340 0.09412 0.10689
0 0.51133 0.59045 0.03687 0.03785
0 0.88856 0.58234 0.03375 0.03591
0 0.84086 0.58592 0.09250 0.04197
0 0.86856 0.58317 0.04121 0.03604
0 0.66277 0.61802 0.04946 0.06347
0 0.82510 0.58854 0.06104 0.03631
1 0.91809 0.62659 0.02763 0.05948
2 0.91704 0.60129 0.03158 0.10366
