0 0.57476 0.61670 0.08910 0.12032
0 0.54082 0.55082 0.02164 0.02135
0 0.93987 0.54914 0.11896 0.07214
0 0.55511 0.54815 0.01211 0.01740
0 0.58281 0.53833 0.01212 0.01494
0 0.61070 0.54559 0.01628 0.01970
0 0.31368 0.56355 0.03419 0.02529
0 0.27701 0.56367 0.03167 0.02332
1 0.33586 0.58761 0.01480 0.05441
1 0.94922 0.58120 0.03944 0.12450
1 0.63567 0.55034 0.01306 0.05495
1 0.37441 0.55929 0.00724 0.03042
1 0.40196 0.55465 0.00646 0.02798
1 0.08699 0.58745 0.02440 0.07812
2 0.11095 0.46195 0.11923 0.04409
