0 0.26443 0.63961 0.22001 0.15249
0 0.39930 0.59566 0.07753 0.08924
0 0.52628 0.56598 0.02886 0.03627
0 0.50040 0.56021 0.02446 0.02487
0 0.60552 0.57176 0.03702 0.04412
0 0.58706 0.55813 0.01845 0.03117
0 0.54559 0.55399 0.01443 0.01813
0 0.43825 0.57541 0.03532 0.04529
0 0.59010 0.56353 0.01376 0.02873
1 0.72236 0.58944 0.01978 0.07882
1 0.68032 0.57035 0.01067 0.05068
1 0.70313 0.58518 0.01570 0.06836
1 0.65782 0.57375 0.00939 0.04718
1 0.66907 0.57268 0.01067 0.04577
1 0.63323 0.56814 0.00671 0.03490
1 0.46779 0.55289 0.00530 0.02253
1 0.72923 0.58858 0.01165 0.05553
