0 0.78152 0.63710 0.19335 0.15385
0 0.12017 0.76007 0.23994 0.34104
0 0.65737 0.58953 0.07354 0.06509
0 0.49438 0.57612 0.03223 0.04494
0 0.95023 0.73766 0.09914 0.17535
0 0.59421 0.56831 0.02882 0.03903
0 0.61639 0.57496 0.04263 0.04896
0 0.56668 0.56028 0.01702 0.02723
0 0.57846 0.56383 0.01984 0.02730
0 0.52797 0.55375 0.01368 0.01927
0 0.50608 0.55498 0.01809 0.02678
0 0.32111 0.90521 0.64164 0.18863
1 0.69623 0.55461 0.01114 0.04571
1 0.07604 0.67565 0.05892 0.07573
1 0.24175 0.56780 0.01111 0.04475
2 0.29074 0.04453 0.40932 0.08849
