0 0.48875 0.63220 0.09006 0.13168
0 0.93920 0.57585 0.12079 0.07523
0 0.55747 0.55988 0.01892 0.02332
0 0.18810 0.57103 0.03246 0.02961
0 0.22720 0.57197 0.04415 0.03155
0 0.53215 0.56587 0.03104 0.04313
0 0.32153 0.90475 0.64249 0.18963
1 0.02635 0.59475 0.03265 0.07092
1 0.13406 0.59265 0.01885 0.08767
1 0.16324 0.60063 0.02265 0.08687
1 0.34739 0.56308 0.00764 0.02933
1 0.34076 0.56429 0.00877 0.03324
1 0.58961 0.54975 0.00701 0.03120
1 0.39884 0.55827 0.00716 0.02599
1 0.35860 0.56154 0.00768 0.02711
