0 0.68415 0.61679 0.08768 0.11743
0 0.22039 0.59554 0.08315 0.08015
0 0.06536 0.55210 0.02968 0.02223
0 0.63283 0.56627 0.04646 0.04691
0 0.73462 0.57283 0.06478 0.05847
0 0.15763 0.54847 0.01876 0.01926
0 0.08664 0.54943 0.01917 0.01795
0 0.43366 0.53919 0.01899 0.02059
0 0.66862 0.56017 0.02816 0.02339
0 0.59615 0.56648 0.03438 0.03874
0 0.12209 0.54454 0.01368 0.00913
0 0.10100 0.54456 0.01506 0.01175
0 0.32296 0.90406 0.64489 0.19092
1 0.50228 0.57554 0.04701 0.05963
3 0.46984 0.47711 0.01415 0.02890
