0 0.41907 0.57653 0.05165 0.04144
0 0.62584 0.57789 0.05268 0.05562
0 0.03294 0.59492 0.06545 0.05525
0 0.46829 0.56365 0.02619 0.03294
0 0.54883 0.56371 0.03016 0.02953
0 0.44604 0.56957 0.02459 0.03479
0 0.59969 0.56791 0.03443 0.04548
0 0.52719 0.55704 0.01914 0.02538
0 0.49339 0.55575 0.01593 0.01580
0 0.32070 0.90410 0.64052 0.19077
1 0.81055 0.57017 0.03471 0.10999
1 0.14328 0.60638 0.03943 0.09101
1 0.31768 0.57333 0.01422 0.05414
1 0.38277 0.57004 0.00805 0.04218
2 0.96115 0.29811 0.07616 0.05718
