0 0.71293 0.40408 0.05360 0.07282
0 0.96196 0.44674 0.07588 0.13432
0 0.78121 0.40094 0.09240 0.07898
0 0.06250 0.41305 0.12441 0.09286
0 0.96538 0.38230 0.06865 0.06816
0 0.34671 0.39158 0.03893 0.03787
0 0.55100 0.40076 0.07276 0.05997
0 0.91624 0.38287 0.07150 0.06340
0 0.30066 0.39629 0.04293 0.05274
0 0.62433 0.40369 0.07682 0.07509
1 0.26754 0.44359 0.04295 0.21009
1 0.63133 0.43788 0.03160 0.15508
1 0.67900 0.44396 0.03478 0.14769
1 0.49004 0.45077 0.03191 0.15858
1 0.57694 0.45487 0.03458 0.11350
1 0.54395 0.45336 0.03409 0.11827
