0 0.39099 0.59687 0.07545 0.06389
0 0.06003 0.74974 0.11965 0.20349
0 0.92918 0.62944 0.14150 0.16375
0 0.85471 0.60901 0.15609 0.12385
0 0.78315 0.59209 0.11198 0.08576
0 0.43823 0.58128 0.03588 0.04603
0 0.57634 0.55664 0.01868 0.02377
0 0.46169 0.57314 0.02272 0.03479
0 0.50658 0.55882 0.02078 0.01904
0 0.55909 0.55168 0.00976 0.01454
1 0.51379 0.57253 0.00904 0.02742
1 0.72775 0.57534 0.03299 0.05256
1 0.04160 0.63035 0.07892 0.06764
1 0.30974 0.60569 0.04625 0.06254
2 0.04541 0.60947 0.05302 0.10816
2 0.51356 0.56536 0.01216 0.04185
3 0.86095 0.45765 0.01567 0.02354
